0.000000000000000000e+00 -9.536743164062500000e-07 -9.536743164062500000e-06 -4.291534423828125000e-05 -1.144409179687500000e-04 -2.002716064453125000e-04 -2.403259277343750000e-04 -2.002716064453125000e-04 -1.144409179687500000e-04 -4.291534423828125000e-05 -9.536743164062500000e-06 -9.536743164062500000e-07 0.000000000000000000e+00
0.000000000000000000e+00 -9.536743164062500000e-06 -9.536743164062500000e-05 -4.291534423828125000e-04 -1.144409179687500000e-03 -2.002716064453125000e-03 -2.403259277343750000e-03 -2.002716064453125000e-03 -1.144409179687500000e-03 -4.291534423828125000e-04 -9.536743164062500000e-05 -9.536743164062500000e-06 0.000000000000000000e+00
0.000000000000000000e+00 -4.196166992187500000e-05 -4.196166992187500000e-04 -1.888275146484375000e-03 -5.035400390625000000e-03 -8.811950683593750000e-03 -1.057434082031250000e-02 -8.811950683593750000e-03 -5.035400390625000000e-03 -1.888275146484375000e-03 -4.196166992187500000e-04 -4.196166992187500000e-05 0.000000000000000000e+00
0.000000000000000000e+00 -1.049041748046875000e-04 -1.049041748046875000e-03 -4.720687866210937500e-03 -1.258850097656250000e-02 -2.202987670898437500e-02 -2.643585205078125000e-02 -2.202987670898437500e-02 -1.258850097656250000e-02 -4.720687866210937500e-03 -1.049041748046875000e-03 -1.049041748046875000e-04 0.000000000000000000e+00
0.000000000000000000e+00 -1.573562622070312500e-04 -1.573562622070312500e-03 -7.081031799316406250e-03 -1.888275146484375000e-02 -3.304481506347656250e-02 -3.965377807617187500e-02 -3.304481506347656250e-02 -1.888275146484375000e-02 -7.081031799316406250e-03 -1.573562622070312500e-03 -1.573562622070312500e-04 0.000000000000000000e+00
0.000000000000000000e+00 -1.258850097656250000e-04 -1.258850097656250000e-03 -5.664825439453125000e-03 -1.510620117187500000e-02 -2.643585205078125000e-02 -3.172302246093750000e-02 -2.643585205078125000e-02 -1.510620117187500000e-02 -5.664825439453125000e-03 -1.258850097656250000e-03 -1.258850097656250000e-04 0.000000000000000000e+00
0.000000000000000000e+00 0.000000000000000000e+00 0.000000000000000000e+00 0.000000000000000000e+00 0.000000000000000000e+00 0.000000000000000000e+00 0.000000000000000000e+00 0.000000000000000000e+00 0.000000000000000000e+00 0.000000000000000000e+00 0.000000000000000000e+00 0.000000000000000000e+00 0.000000000000000000e+00
0.000000000000000000e+00 1.258850097656250000e-04 1.258850097656250000e-03 5.664825439453125000e-03 1.510620117187500000e-02 2.643585205078125000e-02 3.172302246093750000e-02 2.643585205078125000e-02 1.510620117187500000e-02 5.664825439453125000e-03 1.258850097656250000e-03 1.258850097656250000e-04 0.000000000000000000e+00
0.000000000000000000e+00 1.573562622070312500e-04 1.573562622070312500e-03 7.081031799316406250e-03 1.888275146484375000e-02 3.304481506347656250e-02 3.965377807617187500e-02 3.304481506347656250e-02 1.888275146484375000e-02 7.081031799316406250e-03 1.573562622070312500e-03 1.573562622070312500e-04 0.000000000000000000e+00
0.000000000000000000e+00 1.049041748046875000e-04 1.049041748046875000e-03 4.720687866210937500e-03 1.258850097656250000e-02 2.202987670898437500e-02 2.643585205078125000e-02 2.202987670898437500e-02 1.258850097656250000e-02 4.720687866210937500e-03 1.049041748046875000e-03 1.049041748046875000e-04 0.000000000000000000e+00
0.000000000000000000e+00 4.196166992187500000e-05 4.196166992187500000e-04 1.888275146484375000e-03 5.035400390625000000e-03 8.811950683593750000e-03 1.057434082031250000e-02 8.811950683593750000e-03 5.035400390625000000e-03 1.888275146484375000e-03 4.196166992187500000e-04 4.196166992187500000e-05 0.000000000000000000e+00
0.000000000000000000e+00 9.536743164062500000e-06 9.536743164062500000e-05 4.291534423828125000e-04 1.144409179687500000e-03 2.002716064453125000e-03 2.403259277343750000e-03 2.002716064453125000e-03 1.144409179687500000e-03 4.291534423828125000e-04 9.536743164062500000e-05 9.536743164062500000e-06 0.000000000000000000e+00
0.000000000000000000e+00 9.536743164062500000e-07 9.536743164062500000e-06 4.291534423828125000e-05 1.144409179687500000e-04 2.002716064453125000e-04 2.403259277343750000e-04 2.002716064453125000e-04 1.144409179687500000e-04 4.291534423828125000e-05 9.536743164062500000e-06 9.536743164062500000e-07 0.000000000000000000e+00
0.000000000000000000e+00 0.000000000000000000e+00 0.000000000000000000e+00 0.000000000000000000e+00 0.000000000000000000e+00 0.000000000000000000e+00 0.000000000000000000e+00 0.000000000000000000e+00 0.000000000000000000e+00 0.000000000000000000e+00 0.000000000000000000e+00 0.000000000000000000e+00 0.000000000000000000e+00
-9.536743164062500000e-07 -9.536743164062500000e-06 -4.196166992187500000e-05 -1.049041748046875000e-04 -1.573562622070312500e-04 -1.258850097656250000e-04 0.000000000000000000e+00 1.258850097656250000e-04 1.573562622070312500e-04 1.049041748046875000e-04 4.196166992187500000e-05 9.536743164062500000e-06 9.536743164062500000e-07
-9.536743164062500000e-06 -9.536743164062500000e-05 -4.196166992187500000e-04 -1.049041748046875000e-03 -1.573562622070312500e-03 -1.258850097656250000e-03 0.000000000000000000e+00 1.258850097656250000e-03 1.573562622070312500e-03 1.049041748046875000e-03 4.196166992187500000e-04 9.536743164062500000e-05 9.536743164062500000e-06
-4.291534423828125000e-05 -4.291534423828125000e-04 -1.888275146484375000e-03 -4.720687866210937500e-03 -7.081031799316406250e-03 -5.664825439453125000e-03 0.000000000000000000e+00 5.664825439453125000e-03 7.081031799316406250e-03 4.720687866210937500e-03 1.888275146484375000e-03 4.291534423828125000e-04 4.291534423828125000e-05
-1.144409179687500000e-04 -1.144409179687500000e-03 -5.035400390625000000e-03 -1.258850097656250000e-02 -1.888275146484375000e-02 -1.510620117187500000e-02 0.000000000000000000e+00 1.510620117187500000e-02 1.888275146484375000e-02 1.258850097656250000e-02 5.035400390625000000e-03 1.144409179687500000e-03 1.144409179687500000e-04
-2.002716064453125000e-04 -2.002716064453125000e-03 -8.811950683593750000e-03 -2.202987670898437500e-02 -3.304481506347656250e-02 -2.643585205078125000e-02 0.000000000000000000e+00 2.643585205078125000e-02 3.304481506347656250e-02 2.202987670898437500e-02 8.811950683593750000e-03 2.002716064453125000e-03 2.002716064453125000e-04
-2.403259277343750000e-04 -2.403259277343750000e-03 -1.057434082031250000e-02 -2.643585205078125000e-02 -3.965377807617187500e-02 -3.172302246093750000e-02 0.000000000000000000e+00 3.172302246093750000e-02 3.965377807617187500e-02 2.643585205078125000e-02 1.057434082031250000e-02 2.403259277343750000e-03 2.403259277343750000e-04
-2.002716064453125000e-04 -2.002716064453125000e-03 -8.811950683593750000e-03 -2.202987670898437500e-02 -3.304481506347656250e-02 -2.643585205078125000e-02 0.000000000000000000e+00 2.643585205078125000e-02 3.304481506347656250e-02 2.202987670898437500e-02 8.811950683593750000e-03 2.002716064453125000e-03 2.002716064453125000e-04
-1.144409179687500000e-04 -1.144409179687500000e-03 -5.035400390625000000e-03 -1.258850097656250000e-02 -1.888275146484375000e-02 -1.510620117187500000e-02 0.000000000000000000e+00 1.510620117187500000e-02 1.888275146484375000e-02 1.258850097656250000e-02 5.035400390625000000e-03 1.144409179687500000e-03 1.144409179687500000e-04
-4.291534423828125000e-05 -4.291534423828125000e-04 -1.888275146484375000e-03 -4.720687866210937500e-03 -7.081031799316406250e-03 -5.664825439453125000e-03 0.000000000000000000e+00 5.664825439453125000e-03 7.081031799316406250e-03 4.720687866210937500e-03 1.888275146484375000e-03 4.291534423828125000e-04 4.291534423828125000e-05
-9.536743164062500000e-06 -9.536743164062500000e-05 -4.196166992187500000e-04 -1.049041748046875000e-03 -1.573562622070312500e-03 -1.258850097656250000e-03 0.000000000000000000e+00 1.258850097656250000e-03 1.573562622070312500e-03 1.049041748046875000e-03 4.196166992187500000e-04 9.536743164062500000e-05 9.536743164062500000e-06
-9.536743164062500000e-07 -9.536743164062500000e-06 -4.196166992187500000e-05 -1.049041748046875000e-04 -1.573562622070312500e-04 -1.258850097656250000e-04 0.000000000000000000e+00 1.258850097656250000e-04 1.573562622070312500e-04 1.049041748046875000e-04 4.196166992187500000e-05 9.536743164062500000e-06 9.536743164062500000e-07
0.000000000000000000e+00 0.000000000000000000e+00 0.000000000000000000e+00 0.000000000000000000e+00 0.000000000000000000e+00 0.000000000000000000e+00 0.000000000000000000e+00 0.000000000000000000e+00 0.000000000000000000e+00 0.000000000000000000e+00 0.000000000000000000e+00 0.000000000000000000e+00 0.000000000000000000e+00
