0.000000000000000000e+00 -2.441406250000000000e-04 -1.464843750000000000e-03 -3.662109375000000000e-03 -4.882812500000000000e-03 -3.662109375000000000e-03 -1.464843750000000000e-03 -2.441406250000000000e-04 0.000000000000000000e+00
0.000000000000000000e+00 -1.464843750000000000e-03 -8.789062500000000000e-03 -2.197265625000000000e-02 -2.929687500000000000e-02 -2.197265625000000000e-02 -8.789062500000000000e-03 -1.464843750000000000e-03 0.000000000000000000e+00
0.000000000000000000e+00 -3.417968750000000000e-03 -2.050781250000000000e-02 -5.126953125000000000e-02 -6.835937500000000000e-02 -5.126953125000000000e-02 -2.050781250000000000e-02 -3.417968750000000000e-03 0.000000000000000000e+00
0.000000000000000000e+00 -3.417968750000000000e-03 -2.050781250000000000e-02 -5.126953125000000000e-02 -6.835937500000000000e-02 -5.126953125000000000e-02 -2.050781250000000000e-02 -3.417968750000000000e-03 0.000000000000000000e+00
0.000000000000000000e+00 0.000000000000000000e+00 0.000000000000000000e+00 0.000000000000000000e+00 0.000000000000000000e+00 0.000000000000000000e+00 0.000000000000000000e+00 0.000000000000000000e+00 0.000000000000000000e+00
0.000000000000000000e+00 3.417968750000000000e-03 2.050781250000000000e-02 5.126953125000000000e-02 6.835937500000000000e-02 5.126953125000000000e-02 2.050781250000000000e-02 3.417968750000000000e-03 0.000000000000000000e+00
0.000000000000000000e+00 3.417968750000000000e-03 2.050781250000000000e-02 5.126953125000000000e-02 6.835937500000000000e-02 5.126953125000000000e-02 2.050781250000000000e-02 3.417968750000000000e-03 0.000000000000000000e+00
0.000000000000000000e+00 1.464843750000000000e-03 8.789062500000000000e-03 2.197265625000000000e-02 2.929687500000000000e-02 2.197265625000000000e-02 8.789062500000000000e-03 1.464843750000000000e-03 0.000000000000000000e+00
0.000000000000000000e+00 2.441406250000000000e-04 1.464843750000000000e-03 3.662109375000000000e-03 4.882812500000000000e-03 3.662109375000000000e-03 1.464843750000000000e-03 2.441406250000000000e-04 0.000000000000000000e+00
0.000000000000000000e+00 0.000000000000000000e+00 0.000000000000000000e+00 0.000000000000000000e+00 0.000000000000000000e+00 0.000000000000000000e+00 0.000000000000000000e+00 0.000000000000000000e+00 0.000000000000000000e+00
-2.441406250000000000e-04 -1.464843750000000000e-03 -3.417968750000000000e-03 -3.417968750000000000e-03 0.000000000000000000e+00 3.417968750000000000e-03 3.417968750000000000e-03 1.464843750000000000e-03 2.441406250000000000e-04
-1.464843750000000000e-03 -8.789062500000000000e-03 -2.050781250000000000e-02 -2.050781250000000000e-02 0.000000000000000000e+00 2.050781250000000000e-02 2.050781250000000000e-02 8.789062500000000000e-03 1.464843750000000000e-03
-3.662109375000000000e-03 -2.197265625000000000e-02 -5.126953125000000000e-02 -5.126953125000000000e-02 0.000000000000000000e+00 5.126953125000000000e-02 5.126953125000000000e-02 2.197265625000000000e-02 3.662109375000000000e-03
-4.882812500000000000e-03 -2.929687500000000000e-02 -6.835937500000000000e-02 -6.835937500000000000e-02 0.000000000000000000e+00 6.835937500000000000e-02 6.835937500000000000e-02 2.929687500000000000e-02 4.882812500000000000e-03
-3.662109375000000000e-03 -2.197265625000000000e-02 -5.126953125000000000e-02 -5.126953125000000000e-02 0.000000000000000000e+00 5.126953125000000000e-02 5.126953125000000000e-02 2.197265625000000000e-02 3.662109375000000000e-03
-1.464843750000000000e-03 -8.789062500000000000e-03 -2.050781250000000000e-02 -2.050781250000000000e-02 0.000000000000000000e+00 2.050781250000000000e-02 2.050781250000000000e-02 8.789062500000000000e-03 1.464843750000000000e-03
-2.441406250000000000e-04 -1.464843750000000000e-03 -3.417968750000000000e-03 -3.417968750000000000e-03 0.000000000000000000e+00 3.417968750000000000e-03 3.417968750000000000e-03 1.464843750000000000e-03 2.441406250000000000e-04
0.000000000000000000e+00 0.000000000000000000e+00 0.000000000000000000e+00 0.000000000000000000e+00 0.000000000000000000e+00 0.000000000000000000e+00 0.000000000000000000e+00 0.000000000000000000e+00 0.000000000000000000e+00
