0.000000000000000000e+00 -1.525878906250000000e-05 -1.220703125000000000e-04 -4.272460937500000000e-04 -8.544921875000000000e-04 -1.068115234375000000e-03 -8.544921875000000000e-04 -4.272460937500000000e-04 -1.220703125000000000e-04 -1.525878906250000000e-05 0.000000000000000000e+00
0.000000000000000000e+00 -1.220703125000000000e-04 -9.765625000000000000e-04 -3.417968750000000000e-03 -6.835937500000000000e-03 -8.544921875000000000e-03 -6.835937500000000000e-03 -3.417968750000000000e-03 -9.765625000000000000e-04 -1.220703125000000000e-04 0.000000000000000000e+00
0.000000000000000000e+00 -4.119873046875000000e-04 -3.295898437500000000e-03 -1.153564453125000000e-02 -2.307128906250000000e-02 -2.883911132812500000e-02 -2.307128906250000000e-02 -1.153564453125000000e-02 -3.295898437500000000e-03 -4.119873046875000000e-04 0.000000000000000000e+00
0.000000000000000000e+00 -7.324218750000000000e-04 -5.859375000000000000e-03 -2.050781250000000000e-02 -4.101562500000000000e-02 -5.126953125000000000e-02 -4.101562500000000000e-02 -2.050781250000000000e-02 -5.859375000000000000e-03 -7.324218750000000000e-04 0.000000000000000000e+00
0.000000000000000000e+00 -6.408691406250000000e-04 -5.126953125000000000e-03 -1.794433593750000000e-02 -3.588867187500000000e-02 -4.486083984375000000e-02 -3.588867187500000000e-02 -1.794433593750000000e-02 -5.126953125000000000e-03 -6.408691406250000000e-04 0.000000000000000000e+00
0.000000000000000000e+00 0.000000000000000000e+00 0.000000000000000000e+00 0.000000000000000000e+00 0.000000000000000000e+00 0.000000000000000000e+00 0.000000000000000000e+00 0.000000000000000000e+00 0.000000000000000000e+00 0.000000000000000000e+00 0.000000000000000000e+00
0.000000000000000000e+00 6.408691406250000000e-04 5.126953125000000000e-03 1.794433593750000000e-02 3.588867187500000000e-02 4.486083984375000000e-02 3.588867187500000000e-02 1.794433593750000000e-02 5.126953125000000000e-03 6.408691406250000000e-04 0.000000000000000000e+00
0.000000000000000000e+00 7.324218750000000000e-04 5.859375000000000000e-03 2.050781250000000000e-02 4.101562500000000000e-02 5.126953125000000000e-02 4.101562500000000000e-02 2.050781250000000000e-02 5.859375000000000000e-03 7.324218750000000000e-04 0.000000000000000000e+00
0.000000000000000000e+00 4.119873046875000000e-04 3.295898437500000000e-03 1.153564453125000000e-02 2.307128906250000000e-02 2.883911132812500000e-02 2.307128906250000000e-02 1.153564453125000000e-02 3.295898437500000000e-03 4.119873046875000000e-04 0.000000000000000000e+00
0.000000000000000000e+00 1.220703125000000000e-04 9.765625000000000000e-04 3.417968750000000000e-03 6.835937500000000000e-03 8.544921875000000000e-03 6.835937500000000000e-03 3.417968750000000000e-03 9.765625000000000000e-04 1.220703125000000000e-04 0.000000000000000000e+00
0.000000000000000000e+00 1.525878906250000000e-05 1.220703125000000000e-04 4.272460937500000000e-04 8.544921875000000000e-04 1.068115234375000000e-03 8.544921875000000000e-04 4.272460937500000000e-04 1.220703125000000000e-04 1.525878906250000000e-05 0.000000000000000000e+00
0.000000000000000000e+00 0.000000000000000000e+00 0.000000000000000000e+00 0.000000000000000000e+00 0.000000000000000000e+00 0.000000000000000000e+00 0.000000000000000000e+00 0.000000000000000000e+00 0.000000000000000000e+00 0.000000000000000000e+00 0.000000000000000000e+00
-1.525878906250000000e-05 -1.220703125000000000e-04 -4.119873046875000000e-04 -7.324218750000000000e-04 -6.408691406250000000e-04 0.000000000000000000e+00 6.408691406250000000e-04 7.324218750000000000e-04 4.119873046875000000e-04 1.220703125000000000e-04 1.525878906250000000e-05
-1.220703125000000000e-04 -9.765625000000000000e-04 -3.295898437500000000e-03 -5.859375000000000000e-03 -5.126953125000000000e-03 0.000000000000000000e+00 5.126953125000000000e-03 5.859375000000000000e-03 3.295898437500000000e-03 9.765625000000000000e-04 1.220703125000000000e-04
-4.272460937500000000e-04 -3.417968750000000000e-03 -1.153564453125000000e-02 -2.050781250000000000e-02 -1.794433593750000000e-02 0.000000000000000000e+00 1.794433593750000000e-02 2.050781250000000000e-02 1.153564453125000000e-02 3.417968750000000000e-03 4.272460937500000000e-04
-8.544921875000000000e-04 -6.835937500000000000e-03 -2.307128906250000000e-02 -4.101562500000000000e-02 -3.588867187500000000e-02 0.000000000000000000e+00 3.588867187500000000e-02 4.101562500000000000e-02 2.307128906250000000e-02 6.835937500000000000e-03 8.544921875000000000e-04
-1.068115234375000000e-03 -8.544921875000000000e-03 -2.883911132812500000e-02 -5.126953125000000000e-02 -4.486083984375000000e-02 0.000000000000000000e+00 4.486083984375000000e-02 5.126953125000000000e-02 2.883911132812500000e-02 8.544921875000000000e-03 1.068115234375000000e-03
-8.544921875000000000e-04 -6.835937500000000000e-03 -2.307128906250000000e-02 -4.101562500000000000e-02 -3.588867187500000000e-02 0.000000000000000000e+00 3.588867187500000000e-02 4.101562500000000000e-02 2.307128906250000000e-02 6.835937500000000000e-03 8.544921875000000000e-04
-4.272460937500000000e-04 -3.417968750000000000e-03 -1.153564453125000000e-02 -2.050781250000000000e-02 -1.794433593750000000e-02 0.000000000000000000e+00 1.794433593750000000e-02 2.050781250000000000e-02 1.153564453125000000e-02 3.417968750000000000e-03 4.272460937500000000e-04
-1.220703125000000000e-04 -9.765625000000000000e-04 -3.295898437500000000e-03 -5.859375000000000000e-03 -5.126953125000000000e-03 0.000000000000000000e+00 5.126953125000000000e-03 5.859375000000000000e-03 3.295898437500000000e-03 9.765625000000000000e-04 1.220703125000000000e-04
-1.525878906250000000e-05 -1.220703125000000000e-04 -4.119873046875000000e-04 -7.324218750000000000e-04 -6.408691406250000000e-04 0.000000000000000000e+00 6.408691406250000000e-04 7.324218750000000000e-04 4.119873046875000000e-04 1.220703125000000000e-04 1.525878906250000000e-05
0.000000000000000000e+00 0.000000000000000000e+00 0.000000000000000000e+00 0.000000000000000000e+00 0.000000000000000000e+00 0.000000000000000000e+00 0.000000000000000000e+00 0.000000000000000000e+00 0.000000000000000000e+00 0.000000000000000000e+00 0.000000000000000000e+00
